Default Opaque Skin
320x480
controller1_portrait_320x480.png
0,377,43,60
45,377,65,60
112,377,55,60
0,325,78,50
81,325,86,50
0,258,42,65
45,258,65,65
112,258,55,65
108,440,50,40
165,440,50,40
245,275,75,85
173,325,70,85
245,362,75,75
0,200,95,50
225,200,95,50
0,445,65,35
100
40,30,240,160

480x320
controller1_landscape_480x320.png
0,270,45,50
47,270,55,50
104,270,53,50
0,218,72,50
77,218,80,50
0,150,45,66
47,150,55,66
104,150,53,65
182,270,50,50
238,270,50,50
390,165,90,90
300,230,85,90
390,265,90,55
0,85,110,55
370,85,110,55
0,0,100,50
100
120,15,240,160

640x960
controller1_portrait_640x960.png
5,780,90,90
100,780,105,145
210,780,90,90
5,665,145,110
160,665,145,110
5,565,90,95
100,520,105,140
210,565,90,95
215,940,105,105
330,940,105,105
495,580,150,165
335,660,155,165
495,765,150,150
5,380,150,125
485,380,150,125
5,1010,150,120
100
80,70,480,320

960x640
controller1_landscape_960x640.png
5,545,115,95
125,470,105,165
235,545,130,95
5,410,115,130
235,410,130,130
5,300,115,105
125,300,105,165
235,300,130,105
410,480,150,160
575,480,150,160
955,315,180,200
760,440,180,200
955,525,180,115
0,135,250,150
885,135,250,150
0,0,200,105
100
240,30,480,320

640x1136
controller1_portrait_640x1136.png
5,780,90,90
100,780,105,145
210,780,90,90
5,665,145,110
160,665,145,110
5,565,90,95
100,520,105,140
210,565,90,95
215,940,105,105
330,940,105,105
495,580,150,165
335,660,155,165
495,765,150,150
5,380,150,125
485,380,150,125
5,1010,150,120
100
75,75,480,320

1136x640
controller1_landscape_1136x640.png
5,545,115,95
125,470,105,165
235,545,130,95
5,410,115,130
235,410,130,130
5,300,115,105
125,300,105,165
235,300,130,105
410,480,150,160
575,480,150,160
955,315,180,200
760,440,180,200
955,525,180,115
0,135,250,150
885,135,250,150
0,0,200,105
100
325,30,480,320

768x1024
controller1_portrait_768x1024.png
5,800,85,110
100,800,125,110
230,800,110,110
5,695,135,100
180,695,160,100
5,580,85,110
100,580,125,110
230,580,110,110
225,935,150,85
400,935,150,85
575,590,175,175
385,675,175,200
575,780,175,140
5,440,225,125
535,440,225,125
0,935,160,85
100
140,105,480,320

1024x768
controller1_landscape_1024x768.png
25,610,105,100
135,610,105,100
245,610,105,100
25,530,150,75
200,530,150,75
25,425,105,100
135,425,105,100
245,425,105,100
385,635,120,130
520,635,120,130
830,430,170,170
660,542,160,160
830,610,170,150
0,265,200,125
820,265,200,125
0,0,200,150
100
270,55,480,320

1536x2048
controller1_portrait_1536x2048.png
10,1605,175,225
200,1605,250,225
465,1605,225,225
10,1395,275,200
365,1395,325,200
10,1160,175,225
200,1160,250,225
465,1160,225,225
450,1870,300,175
800,1870,300,175
1150,1180,350,350
775,1350,350,400
1150,1560,350,285
10,880,450,250
1075,880,450,250
5,1870,325,175
100
280,205,960,640

2048x1536
controller1_landscape_2048x1536.png
0,1410,105,125
110,1410,200,125
315,1410,150,125
0,1265,210,140
225,1265,240,140
0,1110,105,150
110,1110,200,150
315,1110,150,150
710,1230,300,300
1050,1230,300,300
1800,1125,240,240
1545,1275,245,240
1810,1385,230,150
0,910,350,175
1695,910,350,175
0,0,300,300
100
295,60,1440,960

