Default Fullscreen Skin
320x480
controller2_portrait_320x480.png
0,377,43,60
45,377,65,60
112,377,55,60
0,325,78,50
81,325,86,50
0,258,42,65
45,258,65,65
112,258,55,65
108,440,50,40
165,440,50,40
250,275,70,85
175,325,70,75
250,365,70,75
0,200,95,50
225,200,95,50
0,445,65,35
100
0,10,318,212

480x320
controller2_landscape_480x320.png
0,270,45,50
47,270,55,50
104,270,53,50
0,218,72,50
77,218,80,50
0,150,45,66
47,150,55,66
104,150,53,65
175,260,60,60
245,260,60,60
405,155,75,90
322,250,80,70
410,250,70,70
0,0,125,75
355,0,125,75
185,0,110,75
50
0,0,480,320

640x960
controller2_portrait_640x960.png
0,755,95,105
102,750,105,110
215,755,95,105
0,650,145,95
160,650,150,95
0,525,95,115
102,525,105,120
215,525,95,115
215,870,100,90
330,870,100,90
495,555,145,165
350,650,140,160
500,730,140,140
0,395,175,105
465,395,175,105
0,885,125,75
100
2,20,636,424

960x640
controller2_landscape_960x640.png
0,545,90,95
95,545,115,95
215,545,105,95
0,435,145,105
160,435,160,105
0,300,90,130
95,300,115,130
215,300,105,130
355,520,115,120
490,520,115,120
810,295,150,200
635,495,170,145
820,505,140,135
0,0,265,165
695,0,265,165
355,0,255,125
50
0,0,960,640

640x1136
controller2_portrait_640x1136.png
0,775,95,125
100,775,105,125
210,775,105,125
0,675,145,95
165,675,150,95
0,540,95,130
100,540,105,130
210,540,105,130
195,930,120,120
330,930,120,120
495,580,145,165
335,670,155,165
495,750,145,140
0,385,175,125
465,385,175,125
0,1035,140,100
100
2,24,636,424

1136x640
controller2_landscape_1136x640.png
0,525,110,115
115,525,125,115
245,525,130,115
0,405,170,115
185,405,190,115
0,250,110,150
115,250,125,150
245,250,130,150
410,480,150,160
575,480,150,160
960,270,175,195
780,470,180,170
975,479,160,160
0,0,360,160
775,0,360,160
430,0,285,140
50
88,0,960,640

768x1024
controller2_portrait_768x1024.png
0,800,95,110
100,795,125,115
230,800,110,110
0,695,150,95
170,695,170,95
0,580,95,105
100,580,125,110
230,580,110,105
225,935,150,85
400,935,150,85
575,590,185,175
390,675,175,200
575,780,185,150
0,440,225,125
540,440,225,125
0,935,160,85
100
0,4,768,512

1024x768
controller2_landscape_1024x768.png
0,535,74,105
78,535,95,105
177,535,93,105
0,440,120,90
130,440,140,90
0,335,74,100
78,335,95,100
176,335,95,100
310,605,120,130
595,605,120,130
885,340,135,145
755,490,140,130
905,490,115,130
0,200,275,125
745,200,275,125
445,625,135,90
50
32,64,960,640

1536x2048
controller2_portrait_1536x2048.png
0,1585,205,220
215,1585,215,220
440,1585,230,220
0,1395,305,180
340,1395,330,180
0,1170,205,215
215,1170,215,215
440,1170,230,215
470,1835,280,210
805,1835,280,210
1150,1180,330,330
800,1375,330,360
1150,1535,330,290
0,882,460,240
1075,882,460,240
0,1885,340,160
100
48,48,1440,960

2048x1536
controller2_landscape_2048x1536.png
0,1075,140,195
155,1065,190,205
360,1075,160,195
0,880,245,180
260,880,260,180
0,670,140,195
155,670,190,205
360,670,160,195
585,1230,275,305
1190,1230,275,305
1780,700,265,275
1525,980,260,260
1800,990,245,245
0,415,525,225
1500,415,525,225
890,1231,270,215
50
64,128,1920,1280

